0.742312980224,0.0484443011482,-0.0723735271964
0.211411915325,0.977291845123,0.0130963043807,0.00584280116247
0.505527106173,-0.512224242973,-0.162671165001
0.0162278031886,0.999276339747,-0.00852550066179,-0.0333282322412
0.614834970443,-0.273696490998,-0.0880582686198
0.337657127707,0.94104972939,-0.018643318663,-0.00809305827207
0.654689623209,-0.588702890558,-0.166256389495
0.451894425385,0.891042661821,-0.033779026544,-0.0263321189116
1.13919495096,-0.202135824733,-0.0282143495336
0.0435409297028,0.893698051054,0.0232247772403,0.4459468474
0.764541085992,-0.615647390483,-0.181438144712
0.301074402482,0.952991253889,-0.0335111505755,-0.00623513987631
0.948206662987,-0.00773009044486,-0.0996055075859
-0.0396604314967,0.965392014584,0.0375411414301,0.255021510956
0.491810515344,-0.644802308377,-0.17779565901
0.0345608829161,0.991611871011,-0.105452775299,0.0662657892356
